
    s_dt = 0.001
    s_dR = 0.001

    R1 = 15.39
    Tamb_1 = 24
    Tamb_2 = 24
    k = 234.5
    s_R1 = 0.001
    s_Tamb1 = 0.2
    s_Tamb2 = 0.2
    s_t0 = 0.1

    N_points = 3
    dt = 2
    t1 = 36

    mean_R2 = 23.569063775770417
    std_R2 = 6.484109179735126
    mean_T2 = 161.38063586984657
    std_T2 = 108.91112559854129
    l95_T2 = 87.9586134469235
    u95_T2 = 423.8207257296056