
    s_dt = 0.001
    s_dR = 0.001

    R1 = 15.39
    Tamb_1 = 24
    Tamb_2 = 24
    k = 234.5
    s_R1 = 0.001
    s_Tamb1 = 0.2
    s_Tamb2 = 0.2
    s_t0 = 0.1

    N_points = 3
    dt = 2
    t1 = 36

    mean_R2 = 23.560162234841
    std_R2 = 6.4324839303373
    mean_T2 = 161.231120058895
    std_T2 = 108.043995840948
    l95_T2 = 87.9712088730014
    u95_T2 = 423.392321401427