
    s_dt = 0.001
    s_dR = 0.001

    R1 = 15.39
    Tamb_1 = 24
    Tamb_2 = 24
    k = 234.5
    s_R1 = 0.001
    s_Tamb1 = 0.2
    s_Tamb2 = 0.2
    s_t0 = 0.1

    N_points = 3
    dt = 10
    t1 = 10

    mean_R2 = 19.532271569338725
    std_R2 = 0.006801737956643497
    mean_T2 = 93.57616638557198
    std_T2 = 0.11424621584095834
    l95_T2 = 93.3550565197724
    u95_T2 = 93.80269598530636