
    s_dt = 0.001
    s_dR = 0.001

    R1 = 15.39
    Tamb_1 = 24
    Tamb_2 = 24
    k = 234.5
    s_R1 = 0.001
    s_Tamb1 = 0.2
    s_Tamb2 = 0.2
    s_t0 = 0.1

    N_points = 3
    dt = 2
    t1 = 10

    mean_R2 = 19.5680459297647
    std_R2 = 0.0556092176362572
    mean_T2 = 94.1770547657033
    std_T2 = 0.934046962896197
    l95_T2 = 92.7226923282413
    u95_T2 = 96.2533360622412