
    s_dt = 0.001
    s_dR = 0.001

    R1 = 15.39
    Tamb_1 = 24
    Tamb_2 = 24
    k = 234.5
    s_R1 = 0.001
    s_Tamb1 = 0.2
    s_Tamb2 = 0.2
    s_t0 = 0.1

    N_points = 3
    dt = 2
    t1 = 20

    mean_R2 = 19.41318860214473
    std_R2 = 0.05978893820062768
    mean_T2 = 91.57597489630855
    std_T2 = 1.0042521458649893
    l95_T2 = 90.97760871906377
    u95_T2 = 94.69187888608735