
    s_dt = 0.001
    s_dR = 0.001

    R1 = 15.39
    Tamb_1 = 24
    Tamb_2 = 24
    k = 234.5
    s_R1 = 0.001
    s_Tamb1 = 0.2
    s_Tamb2 = 0.2
    s_t0 = 0.1

    N_points = 19
    dt = 2
    t1 = 4

    mean_R2 = 19.531281679091666
    std_R2 = 0.004195910263470346
    mean_T2 = 93.55953957409696
    std_T2 = 0.07047711521163684
    l95_T2 = 93.42160895463175
    u95_T2 = 93.69775630450853