
    s_dt = 0.001
    s_dR = 0.001

    R1 = 15.39
    Tamb_1 = 24
    Tamb_2 = 24
    k = 234.5
    s_R1 = 0.001
    s_Tamb1 = 0.2
    s_Tamb2 = 0.2
    s_t0 = 0.1

    N_points = 3
    dt = 2
    t1 = 4

    mean_R2 = 19.56923751146217
    std_R2 = 0.01424083152405998
    mean_T2 = 94.19706931210891
    std_T2 = 0.23919785243466282
    l95_T2 = 93.75427037489503
    u95_T2 = 94.69127419591615