
    s_dt = 0.01
    s_dR = 0.001

    R1 = 15.39
    Tamb_1 = 24
    Tamb_2 = 24
    k = 234.5
    s_R1 = 0.001
    s_Tamb1 = 0.2
    s_Tamb2 = 0.2
    s_t0 = 0.1

    N_points = 6
    dt = 4
    t1 = 20

    mean_R2 = 19.5359761562454
    std_R2 = 0.0140715558715325
    mean_T2 = 93.6442806992529
    std_T2 = 0.879523106516479
    l95_T2 = 91.9371143527383
    u95_T2 = 95.3836636202739