
    s_dt = 0.01
    s_dR = 0.001

    R1 = 15.39
    Tamb_1 = 24
    Tamb_2 = 24
    k = 234.5
    s_R1 = 0.001
    s_Tamb1 = 0.2
    s_Tamb2 = 0.2
    s_t0 = 0.1

    N_points = 11
    dt = 2
    t1 = 20

    mean_R2 = 19.520731713992
    std_R2 = 0.0116700295816703
    mean_T2 = 93.3898627331961
    std_T2 = 0.867065837645679
    l95_T2 = 91.7033225344719
    u95_T2 = 95.0980261127929