
    s_dt = 0.01
    s_dR = 0.001

    R1 = 15.39
    Tamb_1 = 24
    Tamb_2 = 24
    k = 234.5
    s_R1 = 0.001
    s_Tamb1 = 0.2
    s_Tamb2 = 0.2
    s_t0 = 0.1

    N_points = 19
    dt = 2
    t1 = 4

    mean_R2 = 19.5312017253009
    std_R2 = 0.00421146970053398
    mean_T2 = 93.5651356326127
    std_T2 = 0.849675627714433
    l95_T2 = 91.9097986019573
    u95_T2 = 95.2437997461856