
    s_dt = 0.01
    s_dR = 0.001

    R1 = 15.39
    Tamb_1 = 24
    Tamb_2 = 24
    k = 234.5
    s_R1 = 0.001
    s_Tamb1 = 0.2
    s_Tamb2 = 0.2
    s_t0 = 0.1

    N_points = 11
    dt = 2
    t1 = 20

    mean_R2 = 19.5207456852021
    std_R2 = 0.011666215806071
    mean_T2 = 93.3825704759409
    std_T2 = 0.195953007528872
    l95_T2 = 93.0035499884613
    u95_T2 = 93.7710438930733