
    s_dt = 0.01
    s_dR = 0.001

    R1 = 15.39
    Tamb_1 = 24
    Tamb_2 = 24
    k = 234.5
    s_R1 = 0.001
    s_Tamb1 = 0.2
    s_Tamb2 = 0.2
    s_t0 = 0.1

    N_points = 6
    dt = 4
    t1 = 20

    mean_R2 = 19.535994803986
    std_R2 = 0.014065595691274
    mean_T2 = 93.6459241867129
    std_T2 = 0.879187823036027
    l95_T2 = 91.937200682732
    u95_T2 = 95.3835677009048