
    s_dt = 0.01
    s_dR = 0.001

    R1 = 15.39
    Tamb_1 = 24
    Tamb_2 = 24
    k = 234.5
    s_R1 = 0.001
    s_Tamb1 = 0.2
    s_Tamb2 = 0.2
    s_t0 = 0.1

    N_points = 6
    dt = 4
    t1 = 20

    mean_R2 = 19.5359707825429
    std_R2 = 0.0140553942496094
    mean_T2 = 93.6383006684428
    std_T2 = 0.236083132782588
    l95_T2 = 93.1829803643123
    u95_T2 = 94.1084889360642