
    s_dt = 0.01
    s_dR = 0.001

    R1 = 15.39
    Tamb_1 = 24
    Tamb_2 = 24
    k = 234.5
    s_R1 = 0.001
    s_Tamb1 = 0.2
    s_Tamb2 = 0.2
    s_t0 = 0.1

    N_points = 3
    dt = 2
    t1 = 20

    mean_R2 = 19.4151488976947
    std_R2 = 0.064134554493202
    mean_T2 = 91.6158505137697
    std_T2 = 1.35857198418923
    l95_T2 = 89.685703965855
    u95_T2 = 95.149808899023