
    s_dt = 0.01
    s_dR = 0.001

    R1 = 15.39
    Tamb_1 = 24
    Tamb_2 = 24
    k = 234.5
    s_R1 = 0.001
    s_Tamb1 = 0.2
    s_Tamb2 = 0.2
    s_t0 = 0.1

    N_points = 3
    dt = 2
    t1 = 36

    mean_R2 = 23.6557661295403
    std_R2 = 6.84733495898145
    mean_T2 = 162.851639664228
    std_T2 = 115.039758967638
    l95_T2 = 88.0942747426305
    u95_T2 = 436.100923521715