
    s_dt = 0.01
    s_dR = 0.001

    R1 = 15.39
    Tamb_1 = 24
    Tamb_2 = 24
    k = 234.5
    s_R1 = 0.001
    s_Tamb1 = 0.2
    s_Tamb2 = 0.2
    s_t0 = 0.1

    N_points = 3
    dt = 2
    t1 = 10

    mean_R2 = 19.568492178583
    std_R2 = 0.0581891323701335
    mean_T2 = 94.1917729385424
    std_T2 = 1.29677036194136
    l95_T2 = 91.8535645684413
    u95_T2 = 96.9230646727352