
    s_dt = 0.01
    s_dR = 0.001

    R1 = 15.39
    Tamb_1 = 24
    Tamb_2 = 24
    k = 234.5
    s_R1 = 0.001
    s_Tamb1 = 0.2
    s_Tamb2 = 0.2
    s_t0 = 0.1

    N_points = 3
    dt = 2
    t1 = 36

    mean_R2 = 23.6390040646788
    std_R2 = 6.67015660138662
    mean_T2 = 162.567308925944
    std_T2 = 112.052605013214
    l95_T2 = 88.1243003367431
    u95_T2 = 434.77088724145