
    s_dt = 0.01
    s_dR = 0.001

    R1 = 15.39
    Tamb_1 = 24
    Tamb_2 = 24
    k = 234.5
    s_R1 = 0.001
    s_Tamb1 = 0.2
    s_Tamb2 = 0.2
    s_t0 = 0.1

    N_points = 3
    dt = 10
    t1 = 10

    mean_R2 = 19.5322798741291
    std_R2 = 0.00698498976610661
    mean_T2 = 93.5763058779974
    std_T2 = 0.117324227065533
    l95_T2 = 93.3494901303728
    u95_T2 = 93.8091916262156