
    s_dt = 0.01
    s_dR = 0.001

    R1 = 15.39
    Tamb_1 = 24
    Tamb_2 = 24
    k = 234.5
    s_R1 = 0.001
    s_Tamb1 = 0.2
    s_Tamb2 = 0.2
    s_t0 = 0.1

    N_points = 3
    dt = 10
    t1 = 10

    mean_R2 = 19.5322822089487
    std_R2 = 0.00698558544800877
    mean_T2 = 93.5822138020721
    std_T2 = 0.854613343091211
    l95_T2 = 91.9185529461215
    u95_T2 = 95.2698952866151